Error: IPOPT shared library failed to import
np seed:  3048883807
random seed:  1163183141013617798
Iteration 0
Init states
[ 0.03146033 -0.01099357 -0.018916    0.00356097  0.02242184  0.01915781
  0.0233923  -0.02946331 -0.00822907 -0.01602283 -0.01664305  0.02924287
  0.0225974  -0.00929569]
[-0.00637839  0.0069804  -0.02858088  0.00677446 -0.02315278  0.02494636
 -0.03305002 -0.0034869  -0.00637159 -0.02360867  0.01365271  0.0145774
  0.03700543  0.02857271]
[ 0.02685543  0.0389111   0.01353474 -0.03277444 -0.02396004 -0.03756211
  0.02956168 -0.01905802 -0.01607953  0.02170848  0.03751889 -0.03038714
  0.01735001  0.01856675]
[ 0.00162091 -0.00834111 -0.00953069  0.00998124  0.01473736 -0.03291602
  0.01050525 -0.03158458 -0.02950278 -0.01020761  0.01324048  0.03446972
  0.02476898  0.03192554]
[-0.00889036 -0.00846579  0.02749755 -0.00367065  0.00642913 -0.00434396
  0.01569334  0.0203706   0.0057015  -0.01854029 -0.03746964  0.02098219
  0.03299907 -0.00738454]
[-2.23342781e-02  5.69681184e-03  2.24008003e-02 -1.60446337e-02
 -3.28407135e-03  3.10028828e-02  2.24305128e-02 -3.49710125e-02
 -3.85285560e-02  2.91611864e-02  3.59264208e-03  2.71797145e-02
 -2.86055935e-02  6.74627809e-05]
[ 0.00299161  0.0355905  -0.00898354 -0.0256268  -0.03737731 -0.02201276
 -0.02735663 -0.03348     0.01558304  0.03137833  0.03953062  0.03166747
 -0.03793866 -0.0194055 ]
[ 0.01983383  0.00415064  0.01976742  0.0296993   0.03394002 -0.02780771
  0.0269394   0.0256669  -0.00229785  0.03448041 -0.01826336 -0.03168504
  0.01126143 -0.00528803]
[-0.00689398  0.03721705  0.02350312 -0.00109589 -0.01662551  0.00081869
  0.00075596  0.03382316 -0.0052754  -0.0243956  -0.02175084 -0.03805559
 -0.00395722 -0.00416815]
[-0.01985928  0.03290103 -0.01907912  0.01255992  0.03514091 -0.00387635
  0.00423866 -0.00941222 -0.03143044  0.02537128  0.03866657 -0.02415303
  0.00928004  0.02453753]
Optimizing trajectories for safe goal
Random inits:  [True, True, True, True, True, True, True, True, True, True]
Mode weights:  [0.0, 0.0, 0.0, 0.0, 0.0, 0.0, 0.0, 0.0, 0.0, 0.0]
Cond weights:  [0.0, 0.0, 0.0, 0.0, 0.0, 0.0, 0.0, 0.0, 0.0, 0.0]
