Error: IPOPT shared library failed to import
np seed:  2769304511
random seed:  330282336636633222
Iteration 0
Init states
[-0.02418018  0.02972735 -0.02826525  0.01962293]
[-0.03777294  0.0219232  -0.03133326  0.01330116]
[0.04157135 0.04852954 0.00088283 0.02464883]
[ 0.00477486  0.00782174 -0.04087985  0.00264808]
[ 0.0280136  -0.0441297   0.04623829 -0.03612373]
[-0.04587026  0.0168022  -0.00111312  0.02910449]
[-0.02933428 -0.04203964  0.00567882  0.02190018]
[ 0.04736228 -0.01934534 -0.0304925   0.01601745]
[-0.03336343  0.01897089  0.00294339 -0.01513758]
[ 0.04680356 -0.03537895 -0.00105999 -0.02825298]
Optimizing trajectories for safe goal
Random inits:  [True, True, True, True, True, True, True, True, True, True]
Mode weights:  [0.0, 0.0, 0.0, 0.0, 0.0, 0.0, 0.0, 0.0, 0.0, 0.0]
Cond weights:  [0.0, 0.0, 0.0, 0.0, 0.0, 0.0, 0.0, 0.0, 0.0, 0.0]
Init cost:  9.602695067427417
Final cost:  9.559702402007693
Init cost:  9.563997137487313
Final cost:  7.992203331474954
Init cost:  9.097624420579965
Final cost:  7.250708095425494
Init cost:  9.523104886017371
Final cost:  8.621249613135044
Init cost:  9.568163777745195
Final cost:  8.094036920963052
Init cost:  9.048873762391192
Final cost:  7.679332109597292
Init cost:  9.013851084563951
Final cost:  6.938954003263454
Init cost:  9.437326100944027
Final cost:  7.581308339095635
Init cost:  9.753469493311675
Final cost:  8.768010931843126
Init cost:  8.76132919660391
Final cost:  7.938520213564092
0.35000002000008396
1.1699999999999653
3.1390929396623175
0.8514426584722832
1.0899998227279468
2.1191924746148114
1.5893315265951171
1.4299999999999158
0.973025077117975
1.6009752808760591
Unsafe - Breaking at  5
Traj x:  [-2.57133747  5.         -0.95740109  2.19535412  2.34208069  4.39706016
  2.70613938 -2.77818366 -1.46203549  2.94172746  1.45216458  1.04615677
 -3.7159528  -2.74296774  2.79697452 -1.0639758   1.89049678  3.94352563
  1.52395806  1.63958667 -2.23662781  4.02196244  0.31893477 -3.81497766
  3.61543573  4.47976931 -4.26942406  2.22336598  3.1423773   1.12732721
  0.4242349  -2.41483068  0.68638726 -2.44739448  2.3623597   4.66336339
 -3.70957761  1.52001542 -2.52652893 -1.42768504 10.         10.
 10.         10.         10.         10.          8.98995223  7.70571589
  0.53579877  4.17969691  9.51995931  1.66381909  0.94641211  1.33177738
  6.29738792  4.00586533  0.49561471  0.57347461  5.86650317  4.25787156
  6.53924901  5.78479745  5.50176887  5.09708246  4.64140898  1.64483293
  5.0353077   4.84719294  6.59966252  7.61740988  0.15985971  1.69605009
  2.62226328  6.91069748  2.37554881  3.14411044  0.26510615  7.45285501
  2.16135705  3.2452554 ]
Unsafe - Breaking at  5
Traj x:  [-4.05471553  1.03934057  4.66764116  1.23375844 -0.64602975 -0.03208971
 -3.85404536 -4.60574972  4.52001636 -3.06106281 -4.84288687 -0.75329703
  0.71734302 -4.06683482 -4.2904077   4.97917034 -0.99922593  1.03464523
  4.77470553  2.71128184 -4.79330726 -1.47610466  4.00477155 -4.30569621
 -3.90681975  2.35451697 -1.63023336  3.98988069 -0.70518179 -3.4804981
  3.08625461  0.26172263  4.41304206 -4.0921106  -3.78335558 -4.91310164
  1.2206931  -2.12078384 -2.20335711  4.25567171  4.65182672  9.3616979
  7.80204961  9.54066793  8.24481677  9.52652098  8.3322249   6.06001778
  0.81679094  5.21319416  2.35715413  5.16456157  8.264381    1.51547288
  4.80028627  3.17884575  7.74507954  1.07468559  7.72622292  2.06887464
  6.28219784  3.92549344  0.56923633  2.98566672  3.27318355  6.76342377
  4.51315378  8.68892044  9.876781    9.80783281  4.85566897  1.76821132
  9.97625695  2.96463403  2.11757054  6.5814115   0.66463474  0.24888253
  3.81693487  5.68416023]
Unsafe - Breaking at  2
Traj x:  [ 6.70917853e-01 -7.09404561e-01  5.00000000e+00 -8.66191595e-01
 -2.58765854e+00  4.17539565e-01  1.34297644e+00  3.80190626e+00
  4.67800901e+00  3.15433948e+00 -3.00538775e+00  1.26390575e+00
  7.86719681e-02 -3.22757877e+00  8.10738250e-01  4.06512884e+00
  4.64702896e+00 -2.48162276e+00 -1.09347674e+00 -1.58872404e+00
 -4.62470942e+00  4.14760932e+00  4.89115278e+00  3.93501612e+00
 -1.71694309e+00  4.62565808e-01  1.12762697e+00  2.34645320e+00
  1.52841292e+00  3.15319422e+00  8.88819898e-01  1.39373712e+00
  3.04852193e+00  2.34986674e+00 -4.11493205e+00  5.94652873e-01
  2.57727095e+00  4.38798457e+00  9.02864310e-01 -1.39376283e+00
  1.00000000e+01  1.00000420e-06  1.00000000e+01  2.16207006e+00
  9.46592948e+00  4.22577964e+00  4.04690805e+00  3.54359619e+00
  4.76798040e+00  4.01423675e+00  8.96683505e+00  1.57757038e-01
  4.70922421e+00  5.20169906e+00  5.68010654e+00  2.60792273e+00
  5.80638148e+00  6.43706275e+00  7.85257893e+00  3.82986569e+00
  9.04880519e+00  1.58106955e+00  5.43267475e-01  2.33751219e+00
  4.75825883e+00  1.00574649e+00  6.33972700e+00  3.00163978e+00
  9.54031814e+00  5.75860140e+00  7.36448206e+00  7.60484319e+00
  2.68850200e+00  8.19246764e+00  2.37293217e+00  4.23831999e+00
  5.56830018e+00  7.45461488e+00  1.82279516e+00  7.54133447e+00]
Unsafe - Breaking at  10
Traj x:  [-1.31717640e+00  1.62353873e+00 -2.04284322e+00  1.26050578e+00
  2.25050489e+00 -1.35253470e+00 -2.90306342e+00  4.21089453e+00
 -1.65796899e-02 -5.00000007e+00 -2.71429791e+00 -5.78762915e-01
 -2.19523131e+00  7.86620013e-01  4.40456901e+00  4.08491756e+00
 -2.79403021e+00  7.80715172e-01 -3.59936193e+00 -4.99126763e+00
 -3.98678899e+00  4.42524974e+00  3.01052609e+00 -2.37320919e+00
  3.92720488e+00 -1.39099405e+00  3.65095791e-01  2.49768153e+00
  4.44930029e+00  8.44116808e-01 -2.06918114e+00 -2.80533788e+00
  1.26333836e-01 -4.08069000e-01 -3.10868919e-01 -2.42109500e+00
  2.89959459e+00  2.00662304e+00  1.67654595e-01 -3.53286425e+00
  9.75249263e+00  9.94398565e+00  3.45065746e+00  9.70129965e+00
  1.00000000e+01  1.00000000e+01  3.72646669e+00  7.69645186e+00
  1.57893833e+00  6.64579013e+00  7.95019120e+00  2.57811785e+00
  9.24727787e-10  4.73464676e+00  8.01150143e+00  4.87386788e+00
  4.52543889e+00  6.29524964e+00  1.11898741e+00  3.75691292e+00
  6.06102156e+00  8.07985110e+00  9.16770118e+00  2.39822807e+00
  5.37177549e+00  4.95576039e+00  6.39283193e-01  9.46816628e+00
  1.61091106e-01  5.23886255e+00  3.22057235e+00  8.79731339e+00
  1.56858172e+00  9.70891570e+00  8.08352867e+00  1.91275982e+00
  4.86669531e+00  6.40204054e+00  9.37491034e+00  6.64363650e+00]
Unsafe - Breaking at  4
Traj x:  [-1.3693107   3.9539442   2.12720357  1.33441013  4.48145653 -3.66252448
 -3.82444894  2.00226578 -4.44518384 -1.38952442  1.99458255 -1.42289667
  2.28037557  1.54546663  4.43425744 -0.46225313 -2.92932716  3.23826323
 -1.02533739 -3.04074579  4.73302861 -3.58550061 -0.73181655 -4.7549921
 -3.30358225 -2.31077216  4.81210684  1.81765768 -4.686214    2.33035471
  0.81755739  0.50733051  4.35275364  4.43282003  1.86775295 -0.89828347
 -0.18507964 -3.85802606  0.33695432 -2.68897026  9.99939974  4.14480058
  9.99868135  9.9449731   9.98150371  7.3732388   8.43585867  4.38747874
  3.96764114  9.18371521  9.76538099  8.37563158  9.641375    4.59104236
  1.05181121  4.27636209  5.04459835  0.47183133  7.22050079  9.17527373
  3.51830357  2.15128835  1.45738842  7.52194052  4.99390444  5.16032072
  6.97859033  8.87231723  4.90020278  9.61398363  8.47679112  7.81806951
  9.61650816  9.57302501  9.12996267  9.79101613  1.35666318  7.22468921
  0.0828131   4.1266666 ]
Unsafe - Breaking at  28
Traj x:  [-4.31051935  4.56340094 -0.61187601  3.99844207  0.95865     0.34166429
  2.5600762  -3.68561583  2.21649934 -3.6791497   1.77906651 -0.64035091
 -3.25334955 -2.88503702  0.6501303   2.27795437  3.47788178 -1.03068325
 -3.66815317 -2.53898315 -0.21140022 -1.3256052   3.79256372 -3.21598128
 -0.17084388  1.93280293 -3.79608425  4.40774032 -4.90802608 -2.49932441
  1.97822388 -0.26657374  4.67600387 -1.83533895 -0.97478862 -4.67872536
  4.76542393  2.47063154 -1.50726302  4.57092659  5.93585869  8.5889616
  3.01932912  3.8163506   5.6554796   6.86020031  3.98812234  5.98268007
  4.08091107  7.34094038  5.56506729  8.55307722  9.15926918  1.20927821
  4.66961623  1.59549031  6.05035421  3.94623247  4.79646507  9.26305534
  1.30174429  1.88336888  8.32241471  0.47391167  4.49312447  7.01974394
  9.87930984  7.77006218  6.37136411  5.59155569  5.0551785   5.94936045
  1.66468386  5.79670783  7.91674252  0.44469691  4.22438145  1.93041062
  4.89798817  0.1268189 ]
Unsafe - Breaking at  7
Traj x:  [-1.72610087  3.03474051  2.90974345 -3.64473173  5.          0.86088211
  0.35578806  1.75178001 -4.00928113  1.57158472  1.19072479 -3.75954282
 -1.10418811  4.22394184  4.4327324   3.38331741  1.8068372   3.53648802
  3.8459393  -0.1022022  -4.95978077  2.79577543 -2.22872581 -3.72498553
  0.34450549 -1.47513262  0.69497942  2.3512577  -1.85972843  4.65997817
  0.09057133 -1.12987371  2.65637102  1.12369988 -1.35745773  2.69802727
 -0.10794973 -2.96632128  4.70278216 -1.03109213 10.         10.
 10.         10.         10.         10.         10.         10.
  0.31264161  4.86723602  4.98135012  6.10914362  3.53266086  8.1278593
  2.52110783  1.96101859  3.0527663   3.11741473  3.83079154  1.83363431
  4.69406725  7.33536899  9.70882726  3.53223679  1.93210666  2.12676494
  9.1100815   8.1184569   4.32795805  6.25246556  3.81114065  5.44880945
  2.26337393  8.3093775   9.57740449  5.84601491  7.89321644  6.04327419
  5.55718508  9.18482258]
Unsafe - Breaking at  5
Traj x:  [-2.05725689  2.9506327   1.23614161  1.10436331  4.68386767  4.51085525
 -0.66686569 -4.28686272  4.92894788 -2.58999065  0.76623971 -3.46960669
 -2.16168298  2.25275605 -4.86217141  4.6067416  -3.23620121  0.32076448
 -1.59396183 -4.81435202 -3.71060374  3.69252962  4.28502874 -3.47527577
  3.59255113  0.6348364   3.04621646 -3.12884868 -3.60840293  1.34053726
 -4.90579575 -3.75240041 -0.14469976 -4.07245643  2.73163364 -1.85206882
  4.06639925 -4.1044925  -3.42743879 -3.45374653  9.99999999 10.
 10.         10.         10.          9.99998032  9.05765043  1.39523013
  0.3184835   5.26826888  3.87518362  2.27762663  6.79225749  1.09832336
  5.64789846  8.84547478  4.49870226  6.16243536  0.37523524  9.78360473
  4.21823668  8.16718602  4.78901277  0.49801861  9.77074817  4.23973748
  1.94883715  2.71226136  7.36276505  2.06816296  6.47498089  2.90342295
  0.7148327   3.67254025  4.22820695  5.18028823  5.0582281   0.99140839
  0.40160327  6.47038195]
Unsafe - Breaking at  7
Traj x:  [-2.42944092  4.99312282 -0.39998442  2.75555184 -0.96679912  0.85513064
  3.45813117  4.38059177  0.03564963  2.64176313 -3.33579837 -3.36713603
  0.54920474  4.581129    4.4818367  -1.76630628 -0.73912241 -4.80279719
 -1.85387162 -4.63775729  2.7597981  -1.15500082  3.48890578 -1.37570787
  1.55857523  4.28551479  4.37697298  1.63852383  3.76837901  3.7850377
 -4.76038824  3.38565984  4.86187387  0.93838895  4.11777419 -2.71869023
  2.93644844  0.64246771 -1.96956248  0.29409688 10.          9.96661426
 10.          9.99999992 10.         10.          9.99997578  9.99998565
  3.21751622  7.74307951  3.36449174  1.32880298  8.08967288  1.46520993
  0.11955796  4.05378411  9.34017391  5.01000139  3.23997046  6.587458
  6.6004237   5.87075864  5.65650138  9.59936993  8.58953161  0.35456622
  8.85039838  5.7113039   2.31209487  3.55346108  8.01858441  8.63780729
  9.53142174  5.16158821  2.52949296  4.10083574  5.0530749   5.86679838
  0.23372176  3.21123595]
Unsafe - Breaking at  17
Traj x:  [ 0.58429643 -1.28352979 -1.4621885   3.89893737  1.0905838   3.31927167
 -0.61374843  1.11501859  4.62751624 -3.26975024 -2.00088335  2.02858767
 -2.83290857 -2.4425236   2.15358839  2.6345271  -4.74761009 -3.39330668
 -4.61074274  2.39705274  2.96575445  4.23883031  4.69380629  1.75689235
 -1.98860112 -3.5506374  -1.11829765  0.7022792  -1.75939993  4.59275713
  4.55091603 -1.172968   -1.39683147  1.60977282  4.31273081 -2.70391706
  1.73593617  3.16424106 -4.67732859 -0.57772078  6.59286285  7.32860192
  7.6967644   2.14476538  4.77314586  4.39009867  6.37782603  8.56018997
  3.94345884  5.39105092  5.85669769  7.14276002  7.12475658  5.937792
  7.32143765  6.29082402  5.73841816  8.37043196  5.34802441  3.49682821
  2.10688657  0.84425546  3.23774669  0.79695282  2.2110798   2.23244131
  5.83969241  8.42542183  3.7958061   5.08972025  7.03168992  9.43754665
  9.34268205  2.68465562  9.85010166  9.67913447  1.17211937  1.30584054
  5.36399901  5.24559775]
Learn mode mapping
Assigning modes
Merging modes
Avg modes:  [ 2.54152263 -2.2293198 ]
Assigning modes
Merging modes
Avg modes:  [ 2.53868533 -2.21748242]
Assigning modes
Merging modes
Avg modes:  [ 2.53895079 -2.21074858]
Traj 0
[-2.57133747  5.         -0.95740109  2.19535412  2.34208069  4.39706016]
(5,0,0.999828)->(4,0,0.988929)->(3,0,0.985241)->(2,1,0.862335)->(1,0,0.999951)->(0,1,0.991508)->
Traj 1
[-4.05471553  1.03934057  4.66764116  1.23375844 -0.64602975 -0.03208971]
(5,1,0.526828)->(4,1,0.778617)->(3,0,0.910113)->(2,0,0.999902)->(1,0,0.874189)->(0,1,0.999358)->
Traj 2
[0.67091785 5.        ]
(1,0,0.999951)->(0,0,0.773724)->
Traj 3
[-1.3171764   1.62353873 -2.04284322  1.26050578  2.25050489 -1.3525347
 -2.90306342  4.21089453 -0.01657969 -5.         -2.71429791]
(10,1,0.993399)->(9,1,0.999871)->(8,1,0.519527)->(7,0,0.999747)->(6,1,0.995263)->(5,1,0.928330)->(4,0,0.986749)->(3,0,0.914272)->(2,1,0.978427)->(1,0,0.955839)->(0,1,0.923901)->
Traj 4
[-1.3693107   3.9539442   2.12720357  1.33441013  4.48145653]
(4,0,0.999856)->(3,0,0.924880)->(2,0,0.983144)->(1,0,0.999570)->(0,1,0.930346)->
Traj 5
[-4.31051935  4.56340094 -0.61187601  3.99844207  0.95865     0.34166429
  2.5600762  -3.68561583  2.21649934 -3.6791497   1.77906651 -0.64035091
 -3.25334955 -2.88503702  0.6501303   2.27795437  3.47788178 -1.03068325
 -3.66815317 -2.53898315 -0.21140022 -1.3256052   3.79256372 -3.21598128
 -0.17084388  1.93280293 -3.79608425  4.40774032 -4.90802608]
(28,1,0.999849)->(27,0,0.999832)->(26,1,0.998999)->(25,0,0.975449)->(24,1,0.591164)->(23,1,0.997261)->(22,0,0.999402)->(21,1,0.924980)->(20,1,0.609454)->(19,1,0.991010)->(18,1,0.998752)->(17,1,0.877618)->(16,0,0.998863)->(15,0,0.987443)->(14,0,0.766674)->(13,1,0.995111)->(12,1,0.997434)->(11,1,0.776791)->(10,0,0.967064)->(9,1,0.998775)->(8,0,0.985838)->(7,1,0.998789)->(6,0,0.992802)->(5,0,0.645817)->(4,0,0.856033)->(3,0,0.999608)->(2,1,0.767467)->(1,0,0.999878)->(0,1,0.999585)->
Traj 6
[-1.72610087  3.03474051  2.90974345 -3.64473173  5.          0.86088211
  0.35578806  1.75178001]
(7,0,0.965314)->(6,0,0.651940)->(5,0,0.831225)->(4,0,0.999951)->(3,1,0.998700)->(2,0,0.996416)->(1,0,0.997212)->(0,1,0.962385)->
Traj 7
[-2.05725689  2.9506327   1.23614161  1.10436331  4.68386767  4.51085525]
(5,0,0.999864)->(4,0,0.999905)->(3,0,0.887380)->(2,0,0.910491)->(1,0,0.996699)->(0,1,0.978968)->
Traj 8
[-2.42944092  4.99312282 -0.39998442  2.75555184 -0.96679912  0.85513064
  3.45813117  4.38059177]
(7,0,0.999822)->(6,0,0.998816)->(5,0,0.829666)->(4,1,0.864382)->(3,0,0.995121)->(2,1,0.689675)->(1,0,0.999950)->(0,1,0.989093)->
Traj 9
[ 0.58429643 -1.28352979 -1.4621885   3.89893737  1.0905838   3.31927167
 -0.61374843  1.11501859  4.62751624 -3.26975024 -2.00088335  2.02858767
 -2.83290857 -2.4425236   2.15358839  2.6345271  -4.74761009 -3.39330668]
(17,1,0.997989)->(16,1,0.999802)->(15,0,0.993791)->(14,0,0.983988)->(13,1,0.989342)->(12,1,0.994642)->(11,0,0.979590)->(10,1,0.976772)->(9,1,0.997506)->(8,0,0.999894)->(7,0,0.889425)->(6,1,0.768089)->(5,0,0.998431)->(4,0,0.884688)->(3,0,0.999519)->(2,1,0.940573)->(1,1,0.919452)->(0,0,0.743377)->
Learning switch conds
-1->0
LinearCond([1.0, 0.0, 0.0, 0.0, -0.12801360038926993]) 9.722930883091882e-05
AndCond(LinearCond([1.0, 0.0, 0.0, 0.0, -0.12801360038926993]),LinearCond([1.0, 0.0, 0.0, 0.0, 2.082665312276932])) 9.917389500753719e-05
AndCond(LinearCond([1.0, 0.0, 0.0, 0.0, -0.12801360038926993]),LinearCond([-1.0, 0.0, 0.0, 0.0, 0.015778709245363842])) 9.917389500753719e-05
Cond:  LinearCond([1.0, 0.0, 0.0, 0.0, -0.12801360038926993])
Cost:  9.722930883091882e-05
-1->1
LinearCond([-1.0, 0.0, 0.0, 0.0, 0.12801361134249797]) 9.722930892757683e-05
AndCond(LinearCond([-1.0, 0.0, 0.0, 0.0, 0.12834612886318228]),LinearCond([0.0, 1.0, 0.0, 0.0, 0.144129709013373])) 9.810766549542316e-05
AndCond(LinearCond([-1.0, 0.0, 0.0, 0.0, 0.12801361134249797]),LinearCond([1.0, 0.0, 0.0, 0.0, 9.081681491772018])) 9.917389510612836e-05
Cond:  LinearCond([-1.0, 0.0, 0.0, 0.0, 0.12801361134249797])
Cost:  9.722930892757683e-05
1->0
AndCond(LinearCond([0.0, 0.0, 0.0, 1.0, -4.303172128477378]),LinearCond([0.0, 0.0, 0.0, -1.0, 6.880210428907874])) 0.21245961889002415
AndCond(LinearCond([0.0, 0.0, 0.0, 1.0, -4.303172128477378]),LinearCond([0.0, 1.0, 0.0, 0.0, 1.2426695216512549])) 0.21506105804676842
AndCond(LinearCond([0.0, 0.0, 0.0, 1.0, -4.303172128477378]),LinearCond([-1.0, 0.0, 0.0, 0.0, 0.8593348059135923])) 0.22110685556193022
Cond:  AndCond(LinearCond([0.0, 0.0, 0.0, 1.0, -4.303172128477378]),LinearCond([0.0, 0.0, 0.0, -1.0, 6.880210428907874]))
Cost:  0.21245961889002415
0->1
AndCond(LinearCond([0.0, 0.0, 0.0, -1.0, -1.7211178266144698]),LinearCond([0.0, 0.0, 0.0, 1.0, 3.729210454760885])) 0.16689750172119697
LinearCond([0.0, 0.0, 0.0, -1.0, -3.2615622416771357]) 0.1706154714720311
OrCond(LinearCond([0.0, 0.0, 0.0, -1.0, -3.2615622416771357]),LinearCond([0.0, 0.0, 0.0, 1.0, -8.586848125038713])) 0.1725255457543846
Cond:  AndCond(LinearCond([0.0, 0.0, 0.0, -1.0, -1.7211178266144698]),LinearCond([0.0, 0.0, 0.0, 1.0, 3.729210454760885]))
Cost:  0.16689750172119697
Evaluating current SM
SM cost on init states:  1195.6714504531528
Total cost:  1230.974985261722
Iteration 1
Resampling env
Get reference trajectories
